93.71982247414874 77.21316105993854 6.079601446174122 
139.2725836936823 87.25149402765437 5.900505256331101

87.68500485431825 91.70216648271187 7.26971402799757 
122.96952303299064 203.67372252393318 5.518549353524759

88.56621009878758 91.07339354233514 7.192370953011526 
113.7503424885704 173.47744450617807 6.1334081442083415

78.08707644008162 93.86869580940862 7.987862501105081 
105.9434764865351 110.02906109503421 8.20854240726007

67.96203358622972 127.578825601028 3.6742185843706703 
125.22168005820045 93.66661884257533 8.06946527266884

178.81154884699947 151.74345778887562 4.55260179622309 
93.24071811580657 84.54789883108137 6.610853033811846

137.62591158296843 68.1013623160267 5.26419940054369 
86.83090353738781 101.11290957378633 5.21891086733199

93.5913486701897 112.71109644348091 6.522208587109621 
175.3407135409799 93.5119645887796 8.11561365670069

283.36066730946857 90.75569684226646 5.784448326514172 
90.75509791436326 71.03741840469729 5.585261723803297

70.56738893384536 69.65467020947824 10.25310641762305 
205.31663687706336 298.3277023229498 12.396986571699031

66.41324734471449 76.62358884552071 9.665166202787251 
183.26371313195193 351.48845127952563 11.30028949462108

297.0865812795321 67.15248704928501 11.4009851558802 
93.36236127046321 163.92291733863937 12.26021461847419

81.57066611251065 132.2575357362604 4.821630804035291 
103.4762291475162 66.41647273459284 4.4646766812309

90.58636155447887 89.1612744221452 6.993358098010622 
122.06167824386377 179.38017330946826 5.476956609311429

91.48740880207436 88.00246455874841 6.888460107239745 
119.7427762133371 160.6987533865046 6.144705930870061

93.97584122444994 79.17789169267941 6.2212441772842775 
169.4485223726059 96.21154212258335 6.12246216928674

72.58282466902209 157.65817973610052 8.93764326572977 
86.61410848279304 92.33910730068612 7.35874333162734

96.8867175541754 138.76731926265592 6.572805411327151 
68.10503767322632 87.38308006489399 8.866098918324251

66.00057847654098 132.99924326900475 3.14749800507527 
469.07755757365385 68.66081029839768 5.33594657441615

71.92814319195023 184.66709865613512 10.377875349629871 
225.51837651982132 70.77621850673202 10.14087043932772
